Comment,Time Stamp (s),Temperature (K),Field (Oe),Sample Position (deg),Chamber Pressure (Torr),Resistance Ch1 (Ohms),Resistance Std. Dev. Ch1 (Ohms),Phase Angle Ch1 (deg),I-V Current Ch1 (mA),I-V Voltage Ch1 (V),Frequency Ch1 (Hz),Averaging Time Ch1 (s),AC Current Ch1 (mA),DC Current Ch1 (mA),Voltage Ampl Ch1 (V),In Phase Voltage Ampl Ch1 (V),Quadrature Voltage Ch1 (V),AC Voltage Ch1 (V),DC Voltage Ch1 (V),Current Ampl Ch1 (mA),In Phase Current Ch1 (mA),Quadrature Current Ch1 (mA),Gain Ch1,2nd Harmonic Ch1 (dB),3rd Harmonic Ch1 (dB),Resistance Ch2 (Ohms),Resistance Std. Dev. Ch2 (Ohms),Phase Angle Ch2 (deg),I-V Current Ch2 (mA),I-V Voltage Ch2 (V),Frequency Ch2 (Hz),Averaging Time Ch2 (s),AC Current Ch2 (mA),DC Current Ch2 (mA),Voltage Ampl Ch2 (V),In Phase Voltage Ampl Ch2 (V),Quadrature Voltage Ch2 (V),AC Voltage Ch2 (V),DC Voltage Ch2 (V),Current Ampl Ch2 (mA),In Phase Current Ch2 (mA),Quadrature Current Ch2 (mA),Gain Ch2,2nd Harmonic Ch2 (dB),3rd Harmonic Ch2 (dB),ETO Status Code,ETO Measurement Mode,Temperature Status (code),Field Status (code),Chamber Status (code),ETO Channel 1,ETO Channel 2,ETO Channel 3,ETO Channel 4,ETO Channel 5,ETO Channel 6,ETO Channel 7,ETO Channel 8,ETO Channel 9,ETO Channel 10,ETO Channel 11,ETO Channel 12,ETO Channel 13,ETO Channel 14,ETO Channel 15,ETO Channel 16

,3897423228.60911,69.9991989135742,85464.953125,0,2.897,546.9253,0,-3.662557,,,0.4359754,2.293708,1,0,0.5480438,0.5469245,-0.03500912,,,,,,3,-39.76669,-46.42358,,,,,,,,,,,,,,,,,,,,,38509440,0,1,6,1,,,,,,,,,,,,,,,,
,3897423233.92393,69.999870300293,84406.0546875,0,2.897,541.5104,0,-3.68419,,,0.4359754,2.293708,1,0,0.542631,0.5415096,-0.03486781,,,,,,3,-39.53613,-46.58003,,,,,,,,,,,,,,,,,,,,,38509440,0,1,6,1,,,,,,,,,,,,,,,,
,3897423237.9169,70.0001068115234,83606.625,0,2.898,535.7689,0,-3.714358,,,0.4359754,2.293708,1,0,0.5368958,0.535768,-0.03478139,,,,,,3,-40.28551,-46.92984,,,,,,,,,,,,,,,,,,,,,38509440,0,1,6,1,,,,,,,,,,,,,,,,
,3897423243.10242,69.999870300293,82567.7265625,0,2.898,530.526,0,-3.684875,,,0.4359754,2.293708,1,0,0.5316243,0.5305252,-0.03416689,,,,,,3,-40.00527,-45.22536,,,,,,,,,,,,,,,,,,,,,38509440,0,1,6,1,,,,,,,,,,,,,,,,
,3897423248.41151,69.9997329711914,81508.703125,0,2.899,525.0345,0,-3.729549,,,0.4359754,2.293708,1,0,0.526148,0.5250338,-0.03422433,,,,,,3,-39.57576,-46.43231,,,,,,,,,,,,,,,,,,,,,38509440,0,1,6,1,,,,,,,,,,,,,,,,
,3897423253.84632,69.9999847412109,80429.859375,0,2.9,516.8392,0,-3.756621,,,0.4359754,2.293708,1,0,0.5179513,0.5168384,-0.03393536,,,,,,3,-39.40128,-46.04151,,,,,,,,,,,,,,,,,,,,,38509440,0,1,6,1,,,,,,,,,,,,,,,,
,3897423259.14336,69.9998474121094,79350.78125,0,2.901,511.3663,0,-3.77785,,,0.4359754,2.293708,1,0,0.5124791,0.5113655,-0.0337663,,,,,,3,-39.33574,-46.19233,,,,,,,,,,,,,,,,,,,,,38509440,0,1,6,1,,,,,,,,,,,,,,,,
,3897423264.46376,69.9997329711914,78291.84375,0,2.901,506.1068,0,-3.798686,,,0.4359754,2.293708,1,0,0.5072204,0.506106,-0.03360386,,,,,,3,-39.35376,-44.97742,,,,,,,,,,,,,,,,,,,,,38509440,0,1,6,1,,,,,,,,,,,,,,,,
,3897423269.61042,70.0001754760742,77252.1015625,0,2.902,500.2558,0,-3.806768,,,0.4359754,2.293708,1,0,0.5013613,0.500255,-0.03328626,,,,,,3,-39.64818,-46.99849,,,,,,,,,,,,,,,,,,,,,38509440,0,1,6,1,,,,,,,,,,,,,,,,
,3897423274.92367,70.0003814697266,76213.1796875,0,2.903,492.0017,0,-3.8716,,,0.4359754,2.293708,1,0,0.4931264,0.492001,-0.03329626,,,,,,3,-39.32798,-46.33234,,,,,,,,,,,,,,,,,,,,,38509440,0,1,6,1,,,,,,,,,,,,,,,,
,3897423279.0516,70.0001754760742,75393.8515625,0,2.903,487.9623,0,-3.648192,,,0.4359754,2.293708,1,0,0.4889525,0.4879616,-0.03111202,,,,,,3,-45.04543,-41.45764,,,,,,,,,,,,,,,,,,,,,38509440,0,1,6,1,,,,,,,,,,,,,,,,
,3897423284.04769,70.0000381469727,74393.9609375,0,2.904,481.3738,0,-3.616488,,,0.4359754,2.293708,1,0,0.4823336,0.4813731,-0.03042451,,,,,,3,-44.72358,-55.4421,,,,,,,,,,,,,,,,,,,,,38509440,0,1,6,1,,,,,,,,,,,,,,,,
,3897423289.23154,70.0000381469727,73335.046875,0,2.904,475.7175,0,-3.663753,,,0.4359754,2.293708,1,0,0.4766911,0.4757168,-0.03046103,,,,,,3,-44.50586,-55.01798,,,,,,,,,,,,,,,,,,,,,38509440,0,1,6,1,,,,,,,,,,,,,,,,
,3897423294.55773,70.0003814697266,72275.8671875,0,2.905,470.3747,0,-3.644767,,,0.4359754,2.293708,1,0,0.4713274,0.470374,-0.02996241,,,,,,3,-44.86486,-54.34197,,,,,,,,,,,,,,,,,,,,,38509440,0,1,6,1,,,,,,,,,,,,,,,,
,3897423299.85794,70.0003128051758,71216.78125,0,2.905,461.9602,0,-3.686765,,,0.4359754,2.293708,1,0,0.4629175,0.4619595,-0.02976643,,,,,,3,-45.04321,-54.64075,,,,,,,,,,,,,,,,,,,,,38509440,0,1,6,1,,,,,,,,,,,,,,,,
,3897423304.98095,70.000244140625,70197.890625,0,2.906,456.4046,0,-3.702085,,,0.4359754,2.293708,1,0,0.4573584,0.456404,-0.02953101,,,,,,3,-44.93739,-54.62555,,,,,,,,,,,,,,,,,,,,,38509440,0,1,6,1,,,,,,,,,,,,,,,,
,3897423310.53965,70.0002899169922,69098.921875,0,2.907,450.73,0,-3.73444,,,0.4359754,2.293708,1,0,0.4516886,0.4507295,-0.02941944,,,,,,3,-45.60184,-55.42254,,,,,,,,,,,,,,,,,,,,,38509440,0,1,6,1,,,,,,,,,,,,,,,,
,3897423314.18111,70.0007095336914,68359.703125,0,2.907,445.2041,0,-3.739106,,,0.4359754,2.293708,1,0,0.4461532,0.4452035,-0.02909517,,,,,,3,-45.31246,-54.50344,,,,,,,,,,,,,,,,,,,,,38509440,0,1,6,1,,,,,,,,,,,,,,,,
,3897423319.50485,70.0005187988281,67300.671875,0,2.908,439.4917,0,-3.79925,,,0.4359754,2.293708,1,0,0.4404591,0.4394911,-0.02918519,,,,,,3,-46.05415,-55.10082,,,,,,,,,,,,,,,,,,,,,38509440,0,1,6,1,,,,,,,,,,,,,,,,
,3897423324.92237,70.0001754760742,66221.7421875,0,2.909,430.7296,0,-4.117229,,,0.4359754,2.293708,1,0,0.4318435,0.4307291,-0.03100524,,,,,,3,-39.91084,-47.17827,,,,,,,,,,,,,,,,,,,,,38509440,0,1,6,1,,,,,,,,,,,,,,,,
,3897423330.17714,70.0003356933594,65162.79296875,0,2.909,425.1393,0,-4.147096,,,0.4359754,2.293708,1,0,0.4262548,0.4251387,-0.03082559,,,,,,3,-39.60305,-45.85425,,,,,,,,,,,,,,,,,,,,,38509440,0,1,6,1,,,,,,,,,,,,,,,,
,3897423335.31455,70.0005187988281,64123.69921875,0,2.91,419.5143,0,-4.132939,,,0.4359754,2.293708,1,0,0.4206076,0.4195138,-0.03031355,,,,,,3,-39.99286,-46.6461,,,,,,,,,,,,,,,,,,,,,38509440,0,1,6,1,,,,,,,,,,,,,,,,
,3897423340.74801,70.0005187988281,63044.08984375,0,2.911,413.8306,0,-4.164691,,,0.4359754,2.293708,1,0,0.4149257,0.4138301,-0.03013339,,,,,,3,-39.69286,-46.61801,,,,,,,,,,,,,,,,,,,,,38509440,0,1,6,1,,,,,,,,,,,,,,,,
,3897423346.09327,69.9998474121094,61985.26953125,0,2.911,405.2562,0,-4.23343,,,0.4359754,2.293708,1,0,0.4063644,0.4052557,-0.02999786,,,,,,3,-39.83078,-47.39779,,,,,,,,,,,,,,,,,,,,,38509440,0,1,6,1,,,,,,,,,,,,,,,,
,3897423355.38707,70.0003814697266,60126.29296875,0,2.912,394.0122,0,-4.257805,,,0.4359754,2.293708,1,0,0.3951022,0.3940117,-0.0293341,,,,,,3,-39.84905,-46.82099,,,,,,,,,,,,,,,,,,,,,38509440,0,1,6,1,,,,,,,,,,,,,,,,
,3897423360.80014,70.0007553100586,59047.00390625,0,2.913,388.245,0,-4.233966,,,0.4359754,2.293708,1,0,0.389307,0.3882445,-0.02874231,,,,,,3,-38.30451,-43.90564,,,,,,,,,,,,,,,,,,,,,38509440,0,1,6,1,,,,,,,,,,,,,,,,
,3897423365.8898,70.0000152587891,58028.0625,0,2.913,382.4142,0,-4.288814,,,0.4359754,2.293708,1,0,0.3834876,0.3824137,-0.02867875,,,,,,3,-40.46162,-46.10013,,,,,,,,,,,,,,,,,,,,,38509440,0,1,6,1,,,,,,,,,,,,,,,,
,3897423371.64946,69.9998016357422,56869.1328125,0,2.914,373.864,0,-4.34081,,,0.4359754,2.293708,1,0,0.3749391,0.3738636,-0.02837876,,,,,,3,-40.23481,-45.30517,,,,,,,,,,,,,,,,,,,,,38509440,0,1,6,1,,,,,,,,,,,,,,,,
,3897423376.76535,70.0005645751953,55850.140625,0,2.915,368.3237,0,-4.391922,,,0.4359754,2.293708,1,0,0.369408,0.3683233,-0.02828869,,,,,,3,-39.9982,-46.92276,,,,,,,,,,,,,,,,,,,,,38509440,0,1,6,1,,,,,,,,,,,,,,,,
,3897423382.09755,69.9998474121094,54791.26171875,0,2.915,362.4685,0,-4.491891,,,0.4359754,2.293708,1,0,0.3635849,0.3624681,-0.02847525,,,,,,3,-40.23115,-47.05208,,,,,,,,,,,,,,,,,,,,,38509440,0,1,6,1,,,,,,,,,,,,,,,,
,3897423387.29616,70.0003814697266,53752.28515625,0,2.916,353.8943,0,-4.472509,,,0.4359754,2.293708,1,0,0.3549748,0.3538939,-0.02768121,,,,,,3,-39.77304,-46.43182,,,,,,,,,,,,,,,,,,,,,38509440,0,1,6,1,,,,,,,,,,,,,,,,
,3897423391.39593,70.000244140625,52932.9765625,0,2.917,350.8381,0,-4.506287,,,0.4359754,2.293708,1,0,0.3519256,0.3508377,-0.02765026,,,,,,3,-38.56374,-41.05338,,,,,,,,,,,,,,,,,,,,,38509440,0,1,6,1,,,,,,,,,,,,,,,,
,3897423396.91656,70.0001525878906,51814.07421875,0,2.917,342.0846,0,-4.618927,,,0.4359754,2.293708,1,0,0.3431989,0.3420843,-0.02763719,,,,,,3,-40.3645,-45.737,,,,,,,,,,,,,,,,,,,,,38509440,0,1,6,1,,,,,,,,,,,,,,,,
,3897423402.26798,70.0005645751953,50755.16796875,0,2.918,336.4345,0,-4.622441,,,0.4359754,2.293708,1,0,0.337532,0.3364342,-0.02720148,,,,,,3,-40.15039,-44.68781,,,,,,,,,,,,,,,,,,,,,38509440,0,1,6,1,,,,,,,,,,,,,,,,
,3897423407.38967,69.9999160766602,49735.859375,0,2.918,330.6469,0,-4.623022,,,0.4359754,2.293708,1,0,0.3317257,0.3306465,-0.0267369,,,,,,3,-40.46044,-44.51023,,,,,,,,,,,,,,,,,,,,,38509440,0,1,6,1,,,,,,,,,,,,,,,,
,3897423412.59608,70.0005645751953,48696.44921875,0,2.919,322.0948,0,-4.783313,,,0.4359754,2.293708,1,0,0.3232203,0.3220945,-0.02695257,,,,,,3,-40.09812,-46.71553,,,,,,,,,,,,,,,,,,,,,38509440,0,1,6,1,,,,,,,,,,,,,,,,
,3897423417.92397,70.0005187988281,47637.609375,0,2.92,316.3044,0,-4.818655,,,0.4359754,2.293708,1,0,0.317426,0.3163041,-0.02666451,,,,,,3,-40.17152,-47.05852,,,,,,,,,,,,,,,,,,,,,38509440,0,1,6,1,,,,,,,,,,,,,,,,
,3897423423.02265,70.000244140625,46618.54296875,0,2.92,310.2936,0,-4.799817,,,0.4359754,2.293708,1,0,0.3113853,0.3102933,-0.02605506,,,,,,3,-39.59735,-44.3072,,,,,,,,,,,,,,,,,,,,,38509440,0,1,6,1,,,,,,,,,,,,,,,,
,3897423426.71017,70.0004730224609,45858.484375,0,2.92,304.4518,0,-4.953508,,,0.4359754,2.293708,1,0,0.3055929,0.3044515,-0.02638714,,,,,,3,-39.73533,-46.37172,,,,,,,,,,,,,,,,,,,,,38509440,0,1,6,1,,,,,,,,,,,,,,,,
,3897423432.40677,70.0005645751953,44739.36328125,0,2.921,298.6194,0,-4.941359,,,0.4359754,2.293708,1,0,0.299733,0.2986191,-0.02581784,,,,,,3,-39.84016,-45.71199,,,,,,,,,,,,,,,,,,,,,38509440,0,1,6,1,,,,,,,,,,,,,,,,
,3897423437.61025,69.9999160766602,43680.3515625,0,2.922,289.7992,0,-5.044936,,,0.4359754,2.293708,1,0,0.290926,0.289799,-0.02558316,,,,,,3,-40.30196,-48.57872,,,,,,,,,,,,,,,,,,,,,38509440,0,1,6,1,,,,,,,,,,,,,,,,
,3897423442.59923,69.9999847412109,42701.140625,0,2.922,284.0237,0,-5.091829,,,0.4359754,2.293708,1,0,0.2851488,0.2840235,-0.02530759,,,,,,3,-40.16619,-46.77354,,,,,,,,,,,,,,,,,,,,,38509440,0,1,6,1,,,,,,,,,,,,,,,,
,3897423447.90234,70.0003814697266,41642.32421875,0,2.923,278.0587,0,-5.181144,,,0.4359754,2.293708,1,0,0.2791993,0.2780585,-0.02521304,,,,,,3,-40.14663,-48.1787,,,,,,,,,,,,,,,,,,,,,38509440,0,1,6,1,,,,,,,,,,,,,,,,
,3897423453.19124,69.9996185302734,40583.421875,0,2.923,272.4367,0,-5.245481,,,0.4359754,2.293708,1,0,0.2735822,0.2724365,-0.02501173,,,,,,3,-39.8459,-47.95158,,,,,,,,,,,,,,,,,,,,,38509440,0,1,6,1,,,,,,,,,,,,,,,,
,3897423458.51171,70.0004501342773,39504.39453125,0,2.924,263.6086,0,-5.35234,,,0.4359754,2.293708,1,0,0.2647628,0.2636084,-0.02469711,,,,,,3,-39.43113,-46.03488,,,,,,,,,,,,,,,,,,,,,38509440,0,1,6,1,,,,,,,,,,,,,,,,
,3897423467.65553,70.0004730224609,37666.140625,0,2.925,251.9651,0,-5.549977,,,0.4359754,2.293708,1,0,0.2531516,0.2519649,-0.0244833,,,,,,3,-39.45977,-46.78135,,,,,,,,,,,,,,,,,,,,,38509440,0,1,6,1,,,,,,,,,,,,,,,,
,3897423473.12611,70.0003128051758,36587.19921875,0,2.925,246.0544,0,-5.586679,,,0.4359754,2.293708,1,0,0.2472286,0.2460542,-0.02406807,,,,,,3,-39.52163,-46.51518,,,,,,,,,,,,,,,,,,,,,38509440,0,1,6,1,,,,,,,,,,,,,,,,
,3897423478.67118,69.9999847412109,35487.69921875,0,2.926,237.3852,0,-5.719156,,,0.4359754,2.293708,1,0,0.2385726,0.237385,-0.02377434,,,,,,3,-39.88517,-47.27784,,,,,,,,,,,,,,,,,,,,,38509440,0,1,6,1,,,,,,,,,,,,,,,,
,3897423490.40142,70.0006332397461,33129.79296875,0,2.927,222.3942,0,-6.007184,,,0.4359754,2.293708,1,0,0.223622,0.222394,-0.02340275,,,,,,10,-29.2658,-36.76028,,,,,,,,,,,,,,,,,,,,,39033728,0,1,6,1,,,,,,,,,,,,,,,,
,3897423490.69989,70.0006332397461,33089.85546875,0,2.927,222.3942,0,-6.007184,,,0.4359754,2.293708,1,0,0.223622,0.222394,-0.02340275,,,,,,10,-29.2658,-36.76028,,,,,,,,,,,,,,,,,,,,,39033728,0,1,6,1,,,,,,,,,,,,,,,,
,3897423494.24393,70.0004501342773,32370.501953125,0,2.928,219.4364,0,-5.989254,,,0.4359754,2.293708,1,0,0.2206406,0.2194363,-0.02302207,,,,,,10,-29.24056,-35.5109,,,,,,,,,,,,,,,,,,,,,39033728,0,1,6,1,,,,,,,,,,,,,,,,
,3897423499.54186,70.0007781982422,31310.5625,0,2.928,213.6759,0,-6.112719,,,0.4359754,2.293708,1,0,0.2148976,0.2136758,-0.02288333,,,,,,10,-29.03045,-35.71542,,,,,,,,,,,,,,,,,,,,,39033728,0,1,6,1,,,,,,,,,,,,,,,,
,3897423503.99225,69.9996871948242,30431.453125,0,2.929,207.8744,0,-6.23608,,,0.4359754,2.293708,1,0,0.2091116,0.2078743,-0.02271483,,,,,,10,-28.86401,-35.16273,,,,,,,,,,,,,,,,,,,,,39033728,0,1,6,1,,,,,,,,,,,,,,,,
,3897423509.29516,70.0003814697266,29372.55078125,0,2.929,199.1078,0,-6.457193,,,0.4359754,2.293708,1,0,0.2003788,0.1991076,-0.02253477,,,,,,10,-28.90444,-35.84221,,,,,,,,,,,,,,,,,,,,,39033728,0,1,6,1,,,,,,,,,,,,,,,,
,3897423514.50918,70.0000152587891,28313.40625,0,2.93,193.3109,0,-6.525049,,,0.4359754,2.293708,1,0,0.1945711,0.1933107,-0.02211059,,,,,,10,-29.03999,-35.4403,,,,,,,,,,,,,,,,,,,,,39033728,0,1,6,1,,,,,,,,,,,,,,,,
,3897423519.70422,70.0004501342773,27274.552734375,0,2.93,187.512,0,-6.728035,,,0.4359754,2.293708,1,0,0.1888121,0.1875119,-0.0221206,,,,,,10,-28.9311,-36.37121,,,,,,,,,,,,,,,,,,,,,39033728,0,1,6,1,,,,,,,,,,,,,,,,
,3897423524.99019,69.999870300293,26235.7421875,0,2.931,178.9461,0,-6.96859,,,0.4359754,2.293708,1,0,0.1802777,0.178946,-0.02187223,,,,,,10,-28.9026,-36.29262,,,,,,,,,,,,,,,,,,,,,39033728,0,1,6,1,,,,,,,,,,,,,,,,
,3897423530.30264,70.000244140625,25156.724609375,0,2.932,173.1036,0,-7.197157,,,0.4359754,2.293708,1,0,0.1744782,0.1731035,-0.02185933,,,,,,10,-28.49311,-34.0359,,,,,,,,,,,,,,,,,,,,,39033728,0,1,6,1,,,,,,,,,,,,,,,,
,3897423535.39952,70.0005187988281,24157.802734375,0,2.932,167.3748,0,-7.362403,,,0.4359754,2.293708,1,0,0.1687661,0.1673747,-0.02162651,,,,,,10,-28.81763,-35.5533,,,,,,,,,,,,,,,,,,,,,39033728,0,1,6,1,,,,,,,,,,,,,,,,
,3897423538.97201,69.9998474121094,23438.458984375,0,2.932,161.4767,0,-7.600838,,,0.4359754,2.293708,1,0,0.1629079,0.1614766,-0.02154798,,,,,,10,-28.84095,-35.11097,,,,,,,,,,,,,,,,,,,,,39033728,0,1,6,1,,,,,,,,,,,,,,,,
,3897423544.50394,70.0002899169922,22339.689453125,0,2.933,155.8195,0,-7.742733,,,0.4359754,2.293708,1,0,0.1572531,0.1558194,-0.02118596,,,,,,10,-28.68615,-35.15079,,,,,,,,,,,,,,,,,,,,,39033728,0,1,6,1,,,,,,,,,,,,,,,,
,3897423549.83124,70.0003814697266,21280.060546875,0,2.933,149.9572,0,-8.061465,,,0.4359754,2.293708,1,0,0.1514538,0.1499572,-0.02123918,,,,,,10,-29.02935,-36.14819,,,,,,,,,,,,,,,,,,,,,39033728,0,1,6,1,,,,,,,,,,,,,,,,
,3897423554.93898,70.0002899169922,20240.99609375,0,2.934,141.288,0,-8.400629,,,0.4359754,2.293708,1,0,0.1428203,0.1412879,-0.02086517,,,,,,10,-28.81643,-35.53279,,,,,,,,,,,,,,,,,,,,,39033728,0,1,6,1,,,,,,,,,,,,,,,,
,3897423560.39129,70.0004730224609,19162.30078125,0,2.935,135.5312,0,-8.635468,,,0.4359754,2.293708,1,0,0.1370852,0.1355312,-0.02058298,,,,,,10,-28.78701,-34.48304,,,,,,,,,,,,,,,,,,,,,39033728,0,1,6,1,,,,,,,,,,,,,,,,
,3897423565.57128,70.0005645751953,18123.033203125,0,2.935,129.7931,0,-9.06017,,,0.4359754,2.293708,1,0,0.1314329,0.1297931,-0.02069695,,,,,,10,-28.55035,-34.96996,,,,,,,,,,,,,,,,,,,,,39033728,0,1,6,1,,,,,,,,,,,,,,,,
,3897423570.8862,69.9999160766602,17063.431640625,0,2.936,121.1666,0,-9.441824,,,0.4359754,2.293708,1,0,0.1228306,0.1211666,-0.02014988,,,,,,10,-28.73341,-35.0181,,,,,,,,,,,,,,,,,,,,,39033728,0,1,6,1,,,,,,,,,,,,,,,,
,3897423580.22011,70.0000381469727,15185.3525390625,0,2.937,109.5656,0,-10.27385,,,0.4359754,2.293708,1,0,0.1113508,0.1095655,-0.01985978,,,,,,10,-28.75084,-34.89831,,,,,,,,,,,,,,,,,,,,,39033728,0,1,6,1,,,,,,,,,,,,,,,,
,3897423585.33679,70.0005187988281,14166.0107421875,0,2.937,103.8073,0,-10.84993,,,0.4359754,2.293708,1,0,0.1056968,0.1038073,-0.01989606,,,,,,10,-29.16487,-35.43584,,,,,,,,,,,,,,,,,,,,,39033728,0,1,6,1,,,,,,,,,,,,,,,,
,3897423590.76348,70.0000381469727,13087.359375,0,2.937,97.96021,0,-11.32618,,,0.4359754,2.293708,1,0,0.09990583,0.09796017,-0.01962092,,,,,,10,-28.77513,-33.19627,,,,,,,,,,,,,,,,,,,,,39033728,0,1,6,1,,,,,,,,,,,,,,,,
,3897423596.07442,70.0001525878906,12028.0791015625,0,2.938,89.39754,0,-12.29711,,,0.4359754,2.293708,1,0,0.09149677,0.0893975,-0.01948708,,,,,,10,-28.50998,-34.07965,,,,,,,,,,,,,,,,,,,,,39033728,0,1,6,1,,,,,,,,,,,,,,,,
,3897423601.36897,70.0004730224609,10968.69140625,0,2.939,83.5438,0,-13.27264,,,0.4359754,2.293708,1,0,0.08583659,0.08354377,-0.0197068,,,,,,10,-28.56675,-36.7523,,,,,,,,,,,,,,,,,,,,,39033728,0,1,6,1,,,,,,,,,,,,,,,,
,3897423606.56994,70.0003356933594,9929.203125,0,2.939,77.77715,0,-13.96107,,,0.4359754,2.293708,1,0,0.0801446,0.07777712,-0.01933589,,,,,,10,-28.82609,-35.12557,,,,,,,,,,,,,,,,,,,,,39033728,0,1,6,1,,,,,,,,,,,,,,,,
,3897423611.86261,70.0003128051758,8869.833984375,0,2.94,71.93902,0,-15.05308,,,0.4359754,2.293708,1,0,0.07449525,0.07193899,-0.01934745,,,,,,10,-28.55905,-35.81412,,,,,,,,,,,,,,,,,,,,,39033728,0,1,6,1,,,,,,,,,,,,,,,,
,3897423621.3394,70.0003128051758,6990.3505859375,0,2.941,60.04568,0,-15.66572,,,0.4359754,2.293708,1,0,0.0623622,0.06004566,-0.01683932,,,,,,30,-20.41854,-24.80371,,,,,,,,,,,,,,,,,,,,,39558016,0,1,6,1,,,,,,,,,,,,,,,,
,3897423631.81678,70.0003128051758,4890.9716796875,0,2.942,45.46362,0,-22.49627,,,0.4359754,2.293708,1,0,0.04920812,0.0454636,-0.01882817,,,,,,30,-19.16257,-25.9771,,,,,,,,,,,,,,,,,,,,,39558016,0,1,6,1,,,,,,,,,,,,,,,,
,3897423637.25377,70.0004501342773,3791.1103515625,0,2.942,39.52468,0,-24.96205,,,0.4359754,2.293708,1,0,0.04359719,0.03952467,-0.0183988,,,,,,30,-19.12542,-24.4103,,,,,,,,,,,,,,,,,,,,,39558016,0,1,6,1,,,,,,,,,,,,,,,,
,3897423642.5964,70.0005187988281,2730.34594726563,0,2.942,30.8929,0,-30.84316,,,0.4359754,2.293708,1,0,0.03598163,0.03089289,-0.01844741,,,,,,30,-18.92288,-25.51861,,,,,,,,,,,,,,,,,,,,,39558016,0,1,6,1,,,,,,,,,,,,,,,,
,3897423647.57248,69.9998474121094,1733.30480957031,0,2.943,25.0959,0,-36.07206,,,0.4359754,2.293708,1,0,0.03104862,0.02509589,-0.0182815,,,,,,30,-19.32085,-24.9104,,,,,,,,,,,,,,,,,,,,,39558016,0,1,6,1,,,,,,,,,,,,,,,,
,3897423651.59417,70.0001068115234,929.625793457031,0,2.943,19.33604,0,-43.19262,,,0.4359754,2.293708,1,0,0.02652199,0.01933604,-0.01815306,,,,,,30,-19.02029,-25.70346,,,,,,,,,,,,,,,,,,,,,39558016,0,1,6,1,,,,,,,,,,,,,,,,
,3897423662.9427,70.0005645751953,-1345.80749511719,0,2.944,7.598829,0,-65.50348,,,0.4359754,2.293708,1,0,0.01832641,0.007598827,-0.01667679,,,,,,100,-11.52842,-17.58164,,,,,,,,,,,,,,,,,,,,,40082304,0,1,6,1,,,,,,,,,,,,,,,,
,3897423663.233,69.999870300293,-1405.66979980469,0,2.944,4.749112,0,-75.11365,,,0.4359754,2.293708,1,0,0.01848604,0.004749111,-0.01786559,,,,,,100,-9.71992,-13.60589,,,,,,,,,,,,,,,,,,,,,40082304,0,1,6,1,,,,,,,,,,,,,,,,
,3897423678.76693,70.0007781982422,-4505.333984375,0,2.946,-12.31603,0,-125.2905,,,0.4359754,2.293708,1,0,0.02131823,-0.01231603,-0.01740064,,,,,,100,-10.79578,-12.89682,,,,,,,,,,,,,,,,,,,,,40082304,0,1,6,1,,,,,,,,,,,,,,,,
,3897423683.7718,70.0006332397461,-5505.13916015625,0,2.947,-20.76304,0,-140.1927,,,0.4359754,2.293708,1,0,0.02702809,-0.02076304,-0.01730358,,,,,,100,-10.75863,-12.28333,,,,,,,,,,,,,,,,,,,,,40082304,0,1,6,1,,,,,,,,,,,,,,,,
,3897423692.98389,70.0007781982422,-7365.33740234375,0,2.947,-31.94391,0,-152.2103,,,0.4359754,2.293708,1,0,0.03610848,-0.03194391,-0.01683475,,,,,,100,-11.62034,-11.57228,,,,,,,,,,,,,,,,,,,,,40082304,0,1,6,1,,,,,,,,,,,,,,,,
,3897423704.43948,70.0007781982422,-9625.3798828125,0,2.948,-44.42155,0,-160.9888,,,0.4359754,2.293708,1,0,0.04698432,-0.04442155,-0.01530532,,,,,,30,-20.79487,-25.70851,,,,,,,,,,,,,,,,,,,,,39558016,0,1,6,1,,,,,,,,,,,,,,,,
,3897423704.72446,70.0001754760742,-9685.4140625,0,2.948,-47.2278,0,-160.1123,,,0.4359754,2.293708,1,0,0.05022305,-0.0472278,-0.01708478,,,,,,30,-19.3142,-24.65816,,,,,,,,,,,,,,,,,,,,,39558016,0,1,6,1,,,,,,,,,,,,,,,,
,3897423708.815,69.9998474121094,-10525.2431640625,0,2.949,-50.09978,0,-161.2562,,,0.4359754,2.293708,1,0,0.05290563,-0.05009978,-0.01700054,,,,,,30,-19.22229,-24.30047,,,,,,,,,,,,,,,,,,,,,39558016,0,1,6,1,,,,,,,,,,,,,,,,
,3897423724.9009,70.0006332397461,-13745.4365234375,0,2.95,-69.47488,0,-166.1089,,,0.4359754,2.293708,1,0,0.07156798,-0.06947488,-0.01718186,,,,,,30,-18.00336,-21.15887,,,,,,,,,,,,,,,,,,,,,39558016,0,1,6,1,,,,,,,,,,,,,,,,
,3897423728.90499,70.0001754760742,-14525.25390625,0,2.95,-75.05473,0,-167.4237,,,0.4359754,2.293708,1,0,0.07689978,-0.07505473,-0.01674408,,,,,,30,-18.4283,-20.22166,,,,,,,,,,,,,,,,,,,,,39558016,0,1,6,1,,,,,,,,,,,,,,,,
,3897423733.94152,70.0001068115234,-15545.0390625,0,2.951,-80.83463,0,-168.173,,,0.4359754,2.293708,1,0,0.08258791,-0.08083463,-0.01692701,,,,,,30,-19.842,-23.78717,,,,,,,,,,,,,,,,,,,,,39558016,0,1,6,1,,,,,,,,,,,,,,,,
,3897423739.3726,70.0002899169922,-16644.654296875,0,2.951,-89.10808,0,-169.2193,,,0.4359754,2.293708,1,0,0.09070906,-0.08910808,-0.01696715,,,,,,30,-19.83536,-25.31804,,,,,,,,,,,,,,,,,,,,,39558016,0,1,6,1,,,,,,,,,,,,,,,,
,3897423744.58919,70.0001754760742,-17664.490234375,0,2.952,-94.34605,0,-169.9256,,,0.4359754,2.293708,1,0,0.09582353,-0.09434605,-0.01676216,,,,,,30,-19.40379,-24.65908,,,,,,,,,,,,,,,,,,,,,39558016,0,1,6,1,,,,,,,,,,,,,,,,
,3897423749.69229,70.0001068115234,-18684.267578125,0,2.952,-100.116,0,-170.4686,,,0.4359754,2.293708,1,0,0.1015174,-0.100116,-0.01681,,,,,,30,-19.49353,-25.94621,,,,,,,,,,,,,,,,,,,,,39558016,0,1,6,1,,,,,,,,,,,,,,,,
,3897423754.876,70.0003814697266,-19724.052734375,0,2.953,-105.4726,0,-170.9481,,,0.4359754,2.293708,1,0,0.1068027,-0.1054726,-0.01680314,,,,,,30,-20.27874,-25.18256,,,,,,,,,,,,,,,,,,,,,39558016,0,1,6,1,,,,,,,,,,,,,,,,
,3897423760.51116,70.0003814697266,-20863.69921875,0,2.953,-113.7915,0,-171.6104,,,0.4359754,2.293708,1,0,0.1150224,-0.1137915,-0.01678214,,,,,,30,-20.41435,-26.21665,,,,,,,,,,,,,,,,,,,,,39558016,0,1,6,1,,,,,,,,,,,,,,,,
,3897423769.27469,69.9998016357422,-22603.96484375,0,2.954,-124.5404,0,-172.5339,,,0.4359754,2.293708,1,0,0.1256053,-0.1245404,-0.01632108,,,,,,30,-21.55968,-23.6979,,,,,,,,,,,,,,,,,,,,,39558016,0,1,6,1,,,,,,,,,,,,,,,,
,3897423774.71942,70.0001525878906,-23703.759765625,0,2.955,-130.0647,0,-172.8372,,,0.4359754,2.293708,1,0,0.1310877,-0.1300647,-0.01634527,,,,,,30,-21.69285,-23.62763,,,,,,,,,,,,,,,,,,,,,39558016,0,1,6,1,,,,,,,,,,,,,,,,
,3897423782.70923,70.0003814697266,-25284.255859375,0,2.955,-139.0374,0,-173.931,,,0.4359754,2.293708,1,0,0.139821,-0.1390374,-0.01478273,,,,,,10,-30.34872,-36.64318,,,,,,,,,,,,,,,,,,,,,39033728,0,1,6,1,,,,,,,,,,,,,,,,
,3897423785.44693,70.0001754760742,-25844.134765625,0,2.955,-144.6008,0,-173.3027,,,0.4359754,2.293708,1,0,0.1455944,-0.1446008,-0.01697982,,,,,,10,-29.19978,-38.13927,,,,,,,,,,,,,,,,,,,,,39033728,0,1,6,1,,,,,,,,,,,,,,,,
,3897423790.55029,69.9997100830078,-26864.7578125,0,2.956,-150.1805,0,-173.683,,,0.4359754,2.293708,1,0,0.1510979,-0.1501805,-0.01662507,,,,,,10,-28.795,-34.06897,,,,,,,,,,,,,,,,,,,,,39033728,0,1,6,1,,,,,,,,,,,,,,,,
,3897423805.66715,70.0004730224609,-29887.142578125,0,2.957,-166.4482,0,-174.173,,,0.4359754,2.293708,1,0,0.1673127,-0.1664482,-0.01698643,,,,,,10,-28.76888,-37.10014,,,,,,,,,,,,,,,,,,,,,39033728,0,1,6,1,,,,,,,,,,,,,,,,
,3897423811.15615,70.0004730224609,-30987.65625,0,2.958,-174.6666,0,-174.4458,,,0.4359754,2.293708,1,0,0.1754906,-0.1746667,-0.01698521,,,,,,10,-28.76373,-36.41333,,,,,,,,,,,,,,,,,,,,,39033728,0,1,6,1,,,,,,,,,,,,,,,,
,3897423816.20522,70.0003128051758,-32008.51171875,0,2.958,-180.1444,0,-174.5868,,,0.4359754,2.293708,1,0,0.1809514,-0.1801444,-0.01707056,,,,,,10,-28.95012,-36.74986,,,,,,,,,,,,,,,,,,,,,39033728,0,1,6,1,,,,,,,,,,,,,,,,
,3897423821.51749,69.9999160766602,-33049.25390625,0,2.958,-185.6327,0,-174.89,,,0.4359754,2.293708,1,0,0.1863735,-0.1856328,-0.01659999,,,,,,10,-28.69979,-33.30963,,,,,,,,,,,,,,,,,,,,,39033728,0,1,6,1,,,,,,,,,,,,,,,,
,3897423826.72817,70.0005187988281,-34109.8515625,0,2.959,-193.7142,0,-174.9795,,,0.4359754,2.293708,1,0,0.1944603,-0.1937143,-0.01701778,,,,,,10,-28.68791,-35.79328,,,,,,,,,,,,,,,,,,,,,39033728,0,1,6,1,,,,,,,,,,,,,,,,
,3897423831.94789,70.0003356933594,-35150.82421875,0,2.959,-199.3071,0,-175.1737,,,0.4359754,2.293708,1,0,0.2000163,-0.1993071,-0.01682845,,,,,,10,-28.73584,-33.55322,,,,,,,,,,,,,,,,,,,,,39033728,0,1,6,1,,,,,,,,,,,,,,,,
,3897423837.17334,69.9998016357422,-36192.13671875,0,2.96,-204.5737,0,-175.2588,,,0.4359754,2.293708,1,0,0.2052762,-0.2045738,-0.01696729,,,,,,10,-28.47498,-35.15684,,,,,,,,,,,,,,,,,,,,,39033728,0,1,6,1,,,,,,,,,,,,,,,,
,3897423841.05946,70.000244140625,-36992.77734375,0,2.96,-210.1769,0,-175.3929,,,0.4359754,2.293708,1,0,0.2108582,-0.2101769,-0.01693671,,,,,,10,-28.84007,-35.02893,,,,,,,,,,,,,,,,,,,,,39033728,0,1,6,1,,,,,,,,,,,,,,,,
,3897423846.3135,70.0003128051758,-38033.453125,0,2.96,-215.5762,0,-175.5278,,,0.4359754,2.293708,1,0,0.2162347,-0.2155763,-0.01686115,,,,,,10,-28.6176,-34.6004,,,,,,,,,,,,,,,,,,,,,39033728,0,1,6,1,,,,,,,,,,,,,,,,
,3897423851.62666,70.0004730224609,-39094.7265625,0,2.961,-223.7569,0,-175.5878,,,0.4359754,2.293708,1,0,0.2244221,-0.223757,-0.01726498,,,,,,10,-28.38412,-35.94557,,,,,,,,,,,,,,,,,,,,,39033728,0,1,6,1,,,,,,,,,,,,,,,,
,3897423857.1639,70.0005187988281,-40195.6328125,0,2.961,-229.2716,0,-175.7748,,,0.4359754,2.293708,1,0,0.2298965,-0.2292717,-0.01693819,,,,,,10,-28.82552,-33.26551,,,,,,,,,,,,,,,,,,,,,39033728,0,1,6,1,,,,,,,,,,,,,,,,
,3897423862.27252,70.0007781982422,-41236.30078125,0,2.962,-234.6063,0,-175.8087,,,0.4359754,2.293708,1,0,0.2352356,-0.2346064,-0.01719273,,,,,,10,-28.71213,-35.54427,,,,,,,,,,,,,,,,,,,,,39033728,0,1,6,1,,,,,,,,,,,,,,,,
,3897423867.48071,70.0006103515625,-42277.328125,0,2.962,-240.0999,0,-175.93,,,0.4359754,2.293708,1,0,0.240707,-0.2401,-0.01708412,,,,,,10,-28.66504,-34.45101,,,,,,,,,,,,,,,,,,,,,39033728,0,1,6,1,,,,,,,,,,,,,,,,
,3897423872.77662,70.0004501342773,-43317.73828125,0,2.963,-248.1363,0,-176.0279,,,0.4359754,2.293708,1,0,0.2487339,-0.2481364,-0.01722994,,,,,,10,-28.63019,-34.71184,,,,,,,,,,,,,,,,,,,,,39033728,0,1,6,1,,,,,,,,,,,,,,,,
,3897423882.01161,69.9998016357422,-45179.0078125,0,2.963,-259.1026,0,-176.1565,,,0.4359754,2.293708,1,0,0.2596868,-0.2591027,-0.01740707,,,,,,10,-28.12892,-33.08517,,,,,,,,,,,,,,,,,,,,,39033728,0,1,6,1,,,,,,,,,,,,,,,,
,3897423887.23854,70.0006332397461,-46219.80078125,0,2.964,-264.4558,0,-176.1875,,,0.4359754,2.293708,1,0,0.2650425,-0.264456,-0.0176231,,,,,,10,-28.82798,-36.10683,,,,,,,,,,,,,,,,,,,,,39033728,0,1,6,1,,,,,,,,,,,,,,,,
,3897423892.69002,69.9999160766602,-47300.49609375,0,2.964,-269.762,0,-176.2793,,,0.4359754,2.293708,1,0,0.2703319,-0.2697621,-0.0175424,,,,,,10,-28.43519,-34.18387,,,,,,,,,,,,,,,,,,,,,39033728,0,1,6,1,,,,,,,,,,,,,,,,
,3897423897.7824,70.0006103515625,-48321.06640625,0,2.965,-277.9767,0,-176.3698,,,0.4359754,2.293708,1,0,0.2785357,-0.2779768,-0.01763608,,,,,,10,-28.62971,-33.75292,,,,,,,,,,,,,,,,,,,,,39033728,0,1,6,1,,,,,,,,,,,,,,,,
,3897423903.19793,69.9995498657227,-49401.9609375,0,2.965,-283.3618,0,-176.4633,,,0.4359754,2.293708,1,0,0.2839026,-0.2833619,-0.01751318,,,,,,10,-28.64037,-32.1215,,,,,,,,,,,,,,,,,,,,,39033728,0,1,6,1,,,,,,,,,,,,,,,,
,3897423908.29636,69.9998016357422,-50443.31640625,0,2.965,-288.7426,0,-176.4782,,,0.4359754,2.293708,1,0,0.2892891,-0.2887427,-0.01777072,,,,,,10,-28.58135,-32.76624,,,,,,,,,,,,,,,,,,,,,39033728,0,1,6,1,,,,,,,,,,,,,,,,
,3897423913.80367,69.9995498657227,-51543.94140625,0,2.966,-296.6953,0,-176.5908,,,0.4359754,2.293708,1,0,0.2972215,-0.2966955,-0.01767466,,,,,,10,-28.38951,-32.47346,,,,,,,,,,,,,,,,,,,,,39033728,0,1,6,1,,,,,,,,,,,,,,,,
,3897423917.82059,70.0007095336914,-52345.8671875,0,2.966,-299.2546,0,-176.5764,,,0.4359754,2.293708,1,0,0.2997898,-0.2992548,-0.01790263,,,,,,10,-28.37049,-34.02185,,,,,,,,,,,,,,,,,,,,,39033728,0,1,6,1,,,,,,,,,,,,,,,,
,3897423922.69955,70.0004730224609,-53308.83984375,0,2.966,-307.3071,0,-176.6622,,,0.4359754,2.293708,1,0,0.3078294,-0.3073072,-0.01792281,,,,,,10,-28.57406,-33.65839,,,,,,,,,,,,,,,,,,,,,39033728,0,1,6,1,,,,,,,,,,,,,,,,
,3897423927.90941,69.9995498657227,-54371.6875,0,2.967,-312.5612,0,-176.6981,,,0.4359754,2.293708,1,0,0.3130811,-0.3125613,-0.01803246,,,,,,10,-28.22985,-33.46028,,,,,,,,,,,,,,,,,,,,,39033728,0,1,6,1,,,,,,,,,,,,,,,,
,3897423933.20762,70.0004730224609,-55434.265625,0,2.967,-317.869,0,-176.6901,,,0.4359754,2.293708,1,0,0.3184003,-0.3178692,-0.01838311,,,,,,10,-28.29714,-33.66261,,,,,,,,,,,,,,,,,,,,,39033728,0,1,6,1,,,,,,,,,,,,,,,,
,3897423938.61172,70.0003356933594,-56517.20703125,0,2.968,-323.111,0,-176.7724,,,0.4359754,2.293708,1,0,0.3236246,-0.3231112,-0.01822086,,,,,,10,-28.52317,-34.97824,,,,,,,,,,,,,,,,,,,,,39033728,0,1,6,1,,,,,,,,,,,,,,,,
,3897423943.91495,70.0003356933594,-57579.6015625,0,2.968,-330.9305,0,-176.8748,,,0.4359754,2.293708,1,0,0.3314236,-0.3309308,-0.01806828,,,,,,10,-28.54339,-33.88923,,,,,,,,,,,,,,,,,,,,,39033728,0,1,6,1,,,,,,,,,,,,,,,,
,3897423949.46621,70.0004730224609,-58682.31640625,0,2.969,-336.0913,0,-176.8896,,,0.4359754,2.293708,1,0,0.3365873,-0.3360915,-0.0182635,,,,,,10,-28.34196,-34.34961,,,,,,,,,,,,,,,,,,,,,39033728,0,1,6,1,,,,,,,,,,,,,,,,
,3897423953.29097,70.0008239746094,-59464.1171875,0,2.969,-341.361,0,-176.9482,,,0.4359754,2.293708,1,0,0.341846,-0.3413612,-0.01819967,,,,,,10,-28.81697,-34.58241,,,,,,,,,,,,,,,,,,,,,39033728,0,1,6,1,,,,,,,,,,,,,,,,
,3897423958.71851,70.0005187988281,-60547.0546875,0,2.969,-346.4905,0,-177.0035,,,0.4359754,2.293708,1,0,0.3469652,-0.3464908,-0.01813744,,,,,,10,-28.72729,-34.17592,,,,,,,,,,,,,,,,,,,,,39033728,0,1,6,1,,,,,,,,,,,,,,,,
,3897423964.03082,70.0003128051758,-61609.484375,0,2.97,-354.2728,0,-177.0087,,,0.4359754,2.293708,1,0,0.3547564,-0.3542731,-0.01851264,,,,,,10,-28.538,-35.10968,,,,,,,,,,,,,,,,,,,,,39033728,0,1,6,1,,,,,,,,,,,,,,,,
,3897423969.25928,70.0004501342773,-62651.91015625,0,2.97,-359.1542,0,-177.0604,,,0.4359754,2.293708,1,0,0.3596277,-0.3591545,-0.0184427,,,,,,10,-27.781,-32.47216,,,,,,,,,,,,,,,,,,,,,39033728,0,1,6,1,,,,,,,,,,,,,,,,
,3897423974.5814,70.0003356933594,-63734.734375,0,2.971,-364.2839,0,-177.026,,,0.4359754,2.293708,1,0,0.3647754,-0.3642841,-0.01892566,,,,,,10,-27.97354,-34.56743,,,,,,,,,,,,,,,,,,,,,39033728,0,1,6,1,,,,,,,,,,,,,,,,
,3897423979.88786,70.0006103515625,-64797.9140625,0,2.971,-369.4936,0,-177.0714,,,0.4359754,2.293708,1,0,0.3699771,-0.3694939,-0.0189024,,,,,,10,-28.44589,-34.43046,,,,,,,,,,,,,,,,,,,,,39033728,0,1,6,1,,,,,,,,,,,,,,,,
,3897423984.91614,70.0001068115234,-65800.3359375,0,2.971,-377.1352,0,-177.1421,,,0.4359754,2.293708,1,0,0.3776051,-0.3771355,-0.01882711,,,,,,10,-28.42528,-34.37376,,,,,,,,,,,,,,,,,,,,,39033728,0,1,6,1,,,,,,,,,,,,,,,,
,3897423994.00272,69.9996871948242,-67605.453125,0,2.972,-387.2461,0,-177.1742,,,0.4359754,2.293708,1,0,0.3877179,-0.3872464,-0.01911424,,,,,,10,-28.1825,-33.64736,,,,,,,,,,,,,,,,,,,,,39033728,0,1,6,1,,,,,,,,,,,,,,,,
,3897423999.19818,70.0004501342773,-68647.8203125,0,2.972,-392.2957,0,-177.1833,,,0.4359754,2.293708,1,0,0.3927705,-0.392296,-0.01930096,,,,,,10,-28.23872,-34.36748,,,,,,,,,,,,,,,,,,,,,39033728,0,1,6,1,,,,,,,,,,,,,,,,
,3897424004.50588,70.0001754760742,-69730.6015625,0,2.973,-397.2299,0,-177.1944,,,0.4359754,2.293708,1,0,0.3977069,-0.3972302,-0.01946695,,,,,,10,-27.89967,-33.25002,,,,,,,,,,,,,,,,,,,,,39033728,0,1,6,1,,,,,,,,,,,,,,,,
,3897424012.38506,70.0004501342773,-71294.390625,0,2.973,-404.8909,0,-177.5724,,,0.4359754,2.293708,1,0,0.4052549,-0.4048912,-0.01716512,,,,,,3,-39.13883,-49.12492,,,,,,,,,,,,,,,,,,,,,38509440,0,1,6,1,,,,,,,,,,,,,,,,
,3897424015.37164,70.0008697509766,-71895.7265625,0,2.973,-409.9333,0,-177.3206,,,0.4359754,2.293708,1,0,0.4103823,-0.4099337,-0.01918458,,,,,,3,-38.09182,-43.53656,,,,,,,,,,,,,,,,,,,,,38509440,0,1,6,1,,,,,,,,,,,,,,,,
,3897424020.5917,70.0003356933594,-72958.3828125,0,2.974,-414.9031,0,-177.2684,,,0.4359754,2.293708,1,0,0.4153754,-0.4149034,-0.01979546,,,,,,3,-38.32093,-44.70024,,,,,,,,,,,,,,,,,,,,,38509440,0,1,6,1,,,,,,,,,,,,,,,,
,3897424025.91005,70.0002899169922,-74020.96875,0,2.975,-420.0016,0,-177.3318,,,0.4359754,2.293708,1,0,0.4204578,-0.420002,-0.01957327,,,,,,3,-38.80996,-45.66385,,,,,,,,,,,,,,,,,,,,,38509440,0,1,6,1,,,,,,,,,,,,,,,,
,3897424030.02893,70.0004730224609,-74842.9375,0,2.975,-424.9836,0,-177.3344,,,0.4359754,2.293708,1,0,0.4254442,-0.4249839,-0.01978593,,,,,,3,-38.79201,-46.79465,,,,,,,,,,,,,,,,,,,,,38509440,0,1,6,1,,,,,,,,,,,,,,,,
,3897424035.35993,70.0006103515625,-75905.46875,0,2.975,-429.8378,0,-177.373,,,0.4359754,2.293708,1,0,0.4302904,-0.4298382,-0.01972181,,,,,,3,-38.72913,-45.76012,,,,,,,,,,,,,,,,,,,,,38509440,0,1,6,1,,,,,,,,,,,,,,,,
,3897424040.37644,70.0008697509766,-76928.0078125,0,2.976,-437.2524,0,-177.4074,,,0.4359754,2.293708,1,0,0.4377008,-0.4372528,-0.01979887,,,,,,3,-38.82708,-46.17863,,,,,,,,,,,,,,,,,,,,,38509440,0,1,6,1,,,,,,,,,,,,,,,,
,3897424046.12206,70.0007095336914,-78070.640625,0,2.976,-442.1532,0,-177.4242,,,0.4359754,2.293708,1,0,0.4426008,-0.4421536,-0.01989075,,,,,,3,-38.58425,-44.98804,,,,,,,,,,,,,,,,,,,,,38509440,0,1,6,1,,,,,,,,,,,,,,,,
,3897424051.08078,69.9998474121094,-79073.7421875,0,2.976,-447.0626,0,-177.4512,,,0.4359754,2.293708,1,0,0.4475057,-0.447063,-0.01990033,,,,,,3,-38.76107,-45.98393,,,,,,,,,,,,,,,,,,,,,38509440,0,1,6,1,,,,,,,,,,,,,,,,
,3897424056.38394,70.0003128051758,-80116.1640625,0,2.977,-454.4702,0,-177.4676,,,0.4359754,2.293708,1,0,0.4549149,-0.4544706,-0.02009982,,,,,,3,-38.98949,-46.54608,,,,,,,,,,,,,,,,,,,,,38509440,0,1,6,1,,,,,,,,,,,,,,,,
,3897424061.78273,70.0003814697266,-81218.796875,0,2.977,-459.3271,0,-177.471,,,0.4359754,2.293708,1,0,0.4597754,-0.4593276,-0.02028779,,,,,,3,-38.85622,-45.79651,,,,,,,,,,,,,,,,,,,,,38509440,0,1,6,1,,,,,,,,,,,,,,,,
,3897424065.47629,70.0003128051758,-81961.4296875,0,2.977,-464.2125,0,-177.4898,,,0.4359754,2.293708,1,0,0.4646588,-0.4642129,-0.02035059,,,,,,3,-39.13242,-46.304,,,,,,,,,,,,,,,,,,,,,38509440,0,1,6,1,,,,,,,,,,,,,,,,
,3897424070.66707,69.9999847412109,-83003.875,0,2.978,-468.9872,0,-177.5505,,,0.4359754,2.293708,1,0,0.4694166,-0.4689877,-0.02006251,,,,,,3,-38.30312,-43.48066,,,,,,,,,,,,,,,,,,,,,38509440,0,1,6,1,,,,,,,,,,,,,,,,
,3897424075.88123,70.0003814697266,-84046.5859375,0,2.978,-473.888,0,-177.5335,,,0.4359754,2.293708,1,0,0.4743279,-0.4738885,-0.02041288,,,,,,3,-38.90705,-46.1059,,,,,,,,,,,,,,,,,,,,,38509440,0,1,6,1,,,,,,,,,,,,,,,,
,3897424081.1882,70.0001525878906,-85109.015625,0,2.979,-478.8589,0,-177.5499,,,0.4359754,2.293708,1,0,0.4792975,-0.4788594,-0.0204894,,,,,,3,-39.46937,-47.91473,,,,,,,,,,,,,,,,,,,,,38509440,0,1,6,1,,,,,,,,,,,,,,,,
,3897424086.40328,70.0008697509766,-86151.5234375,0,2.979,-486.0664,0,-177.5747,,,0.4359754,2.293708,1,0,0.4865027,-0.4860669,-0.02058758,,,,,,3,-39.41289,-47.24229,,,,,,,,,,,,,,,,,,,,,38509440,0,1,6,1,,,,,,,,,,,,,,,,
,3897424091.81814,70.0004501342773,-87234.0703125,0,2.979,-490.8816,0,-177.5888,,,0.4359754,2.293708,1,0,0.4913171,-0.4908821,-0.02067052,,,,,,3,-39.44565,-47.68515,,,,,,,,,,,,,,,,,,,,,38509440,0,1,6,1,,,,,,,,,,,,,,,,
,3897424097.00848,70.000244140625,-88276.5390625,0,2.979,-495.8004,0,-177.6091,,,0.4359754,2.293708,1,0,0.4962329,-0.4958009,-0.02070107,,,,,,3,-39.84547,-48.3194,,,,,,,,,,,,,,,,,,,,,38509440,0,1,6,1,,,,,,,,,,,,,,,,
,3897424102.21618,70.0003814697266,-89319.0703125,0,2.98,-502.9902,0,-177.6001,,,0.4359754,2.293708,1,0,0.5034323,-0.5029907,-0.02108056,,,,,,3,-39.83102,-49.39531,,,,,,,,,,,,,,,,,,,,,38509440,0,1,6,1,,,,,,,,,,,,,,,,
,3897424106.24672,70.0004501342773,-90002.171875,0,2.98,-505.2593,0,-177.6227,,,0.4359754,2.293708,1,0,0.505695,-0.5052598,-0.02097644,,,,,,3,-39.69077,-49.26595,,,,,,,,,,,,,,,,,,,,,38509440,0,1,5,1,,,,,,,,,,,,,,,,
,3897424111.23496,70.0001754760742,-90000.328125,0,2.981,-507.9662,0,-177.5992,,,0.4359754,2.293708,1,0,0.508413,-0.5079668,-0.02129765,,,,,,3,-39.2924,-48.89259,,,,,,,,,,,,,,,,,,,,,38509440,0,1,4,1,,,,,,,,,,,,,,,,
,3897424116.44356,69.9989700317383,-90000.3359375,0,2.981,-507.9012,0,-177.5944,,,0.4359754,2.293708,1,0,0.5083498,-0.5079018,-0.02133734,,,,,,3,-39.40444,-47.80512,,,,,,,,,,,,,,,,,,,,,38509440,0,1,4,1,,,,,,,,,,,,,,,,
,3897424121.88254,69.9996871948242,-90000.359375,0,2.982,-507.8617,0,-177.6079,,,0.4359754,2.293708,1,0,0.5083052,-0.5078622,-0.0212159,,,,,,3,-39.5216,-47.37556,,,,,,,,,,,,,,,,,,,,,38509440,0,1,4,1,,,,,,,,,,,,,,,,
,3897424127.19861,69.9990844726563,-90000.3515625,0,2.982,-507.9214,0,-177.5971,,,0.4359754,2.293708,1,0,0.508369,-0.5079219,-0.02131407,,,,,,3,-39.48351,-47.84262,,,,,,,,,,,,,,,,,,,,,38509440,0,1,4,1,,,,,,,,,,,,,,,,
,3897424132.29242,69.9998016357422,-90000.359375,0,2.982,-507.8706,0,-177.6026,,,0.4359754,2.293708,1,0,0.508316,-0.5078712,-0.02126275,,,,,,3,-39.26596,-46.64101,,,,,,,,,,,,,,,,,,,,,38509440,0,1,4,1,,,,,,,,,,,,,,,,
